0 24.4244546891 222.24214442 7.75046104631 1.3429438764 4.78737507916
1 354.807435313 33.024103183 -3.41483964642 0.661142622332 32.9541839426
2 364.533732868 372.378164333 8.34757628573 8.34927233871 70.3838081482
3 274.874240833 98.5166863779 2.68433025163 -9.66551134777 10.8693881486
4 378.382587705 289.899056981 -4.2629403357 9.54411328412 84.2112135301
5 202.098641186 301.549747194 -7.14586756741 6.69666442381 47.8499582084
6 112.742025195 309.149615608 -2.31844500949 8.50026297266 99.1869230633
7 223.725483532 372.037167001 -0.347776659095 7.80594706237 25.861625375
8 269.628026218 190.707643681 -1.68285535116 3.33375741937 99.0210844316
9 347.40067746 11.6983663686 1.92302654787 4.44729768243 80.4031080452
10 189.762494233 335.042985287 2.28226932443 7.81805804317 17.5109199243
11 145.865781038 38.8254800021 -1.66155010623 1.76055296199 72.105725348
12 69.1303527495 296.259043034 3.82339244605 4.29352423249 65.5262603013
13 26.4955554601 398.17312327 -3.88569849177 3.58268644675 93.3595163596
14 210.523511914 289.207732484 4.34701569022 5.6038759882 8.86416718256
15 399.081483697 202.148151945 9.43416796187 -1.80757670056 97.2838189457
16 377.587614898 288.748118812 -5.0673120553 -3.16609455384 18.5010241305
17 117.998246344 307.048067153 9.15426169875 4.24134011316 22.3881925713
18 322.789026924 44.8568339142 -8.33980819622 2.30945384232 27.514790991
19 313.397291967 153.03338956 -3.84439137271 6.6061699847 53.781427518
20 160.846581608 14.9388143914 -7.95564448304 -6.62807305823 16.0370993755
21 395.999591758 124.6625519 4.18999789997 7.69874794959 96.7769017351
22 324.36677219 138.664349893 -9.19568213574 6.82851436765 44.6873263324
23 334.789336308 120.500622458 -2.57795852561 8.4323576295 21.1914204461
24 96.7193807645 231.304481939 -0.758962398316 9.95808836601 54.402943037
25 158.191275941 66.2255134604 3.84452689268 -8.50249380873 86.3498253601
26 264.062804105 107.35517784 5.9690602474 6.64538056689 85.8938540341
27 166.316234863 21.6211693631 0.61279039453 1.22494865917 23.7684782406
28 347.468416021 31.1301326694 9.81186562972 1.01067523692 54.2531608998
29 166.951042928 4.67726016174 -2.08456150968 -0.862978941311 55.8639660568
30 69.9925470261 19.2816848951 -0.772481927889 1.39403666135 93.294329189
31 326.80555425 13.5473877645 -1.07069096427 8.7433403339 72.7650206011
32 151.145939979 378.978610994 -4.42358003322 4.38435330758 71.567507049
33 191.567178477 254.001186484 1.69895784804 -3.86198751193 66.0726687678
34 2.22468140292 398.546188661 -1.0362403594 6.04382165613 58.8875210381
35 31.6280560406 234.889024244 -1.11906499261 4.16739638471 79.8332545801
36 285.122745652 196.597054704 2.58933706884 3.50095996807 93.6262248927
37 215.487145584 269.126626444 -6.44948933725 -5.69667304446 87.9013107303
38 96.2503218593 113.956293859 6.52440220925 -0.40547736788 20.3543035082
39 167.946343546 238.276797467 0.434607037219 2.62181037691 27.2062856306
40 148.930692808 157.437020486 -2.9554708538 1.86584171612 77.2781799839
41 306.75878891 139.445911194 -1.28621524439 2.45071651217 99.4013286155
42 228.454741809 76.2449426824 6.01933275544 -0.525162461652 2.24629729781
43 151.693656447 235.019831556 -7.41969504139 -8.17097371637 39.7670705232
44 332.763749824 344.763732766 7.46041938057 6.48818447116 91.0243333914
45 339.460235337 338.832307604 -2.6209308219 6.4104047631 76.8289219192
46 263.451268914 241.224508594 -9.88885742029 -3.63354295815 20.82553184
47 164.669668536 373.004551162 -3.52543695498 3.62004395557 21.4209352751
48 116.65160905 311.378056599 -8.10406103937 8.3379609964 68.5871008633
49 30.1515803826 168.34475882 -6.86840231827 2.10409685049 26.0079929798
50 399.355779897 64.8412038944 1.19270054362 -4.85245977807 48.8318513684
51 275.987634122 202.671559304 0.424315211455 4.15653278809 48.3285583877
52 311.210994069 203.063429376 -0.802866824962 6.43155020728 30.9878965991
53 282.996726353 344.916665468 0.577236663857 -3.47352276577 81.3495144042
54 255.782683811 38.3375603481 1.26123544761 4.97263957279 97.9711086615
55 41.2106219854 64.509552532 0.0393336903129 -6.46092182447 98.2302880121
56 172.242188006 88.3906434557 -8.68157781527 7.77081406936 90.7068161224
57 202.202151874 282.336629873 -4.05932801455 9.01518876185 8.08050316871
58 111.556407365 207.579137753 3.76040391855 7.20386659872 59.5584116328
59 79.0124350428 97.2884029065 -1.69567230065 -5.8420714219 92.939478922
60 215.959386438 276.325246083 9.92918917235 2.91712499663 63.3605098312
61 153.194730674 33.8511622085 -3.85535471771 6.58265055176 55.390152895
62 230.231426157 142.655411627 5.86835476467 1.46037020297 83.9261054252
63 334.230556421 283.389716499 1.59282256213 -7.19887969355 26.2813476877
64 233.897683254 88.2683967569 3.58880448774 1.13676370458 58.5172849153
65 177.271365674 168.965268188 6.23125390536 4.39838589406 65.7801592813
66 116.376850894 327.83323084 -9.83499576027 -3.24355271959 75.2558834487
67 367.242284928 368.907443388 -9.8050118853 3.89246564908 20.5312306654
68 151.204767523 364.120436951 -5.04016607866 -4.37577602601 32.681159884
69 41.6799021117 21.03352712 9.10779274735 0.619526568294 18.6151848193
70 9.54260945992 33.7410647613 -9.69473895789 3.92249035411 1.94301898774
71 64.8605145466 203.117479943 -7.78680459975 9.49324671931 6.32613819633
72 173.312261565 54.2340262242 2.96986679994 2.29489134565 4.08771228414
73 338.298224557 21.0006674692 0.144734460127 2.67125135063 76.0714525886
74 150.515039148 343.907578858 9.30500393462 5.07752126191 80.9922577616
75 161.651947743 89.6191111495 -4.19281716665 -1.45500229661 51.9130613202
76 155.183670354 335.420734816 -4.6030764755 -6.32058091734 42.0111922317
77 87.9528980406 158.840391226 -2.0599832812 2.84246911552 21.6685500231
78 328.684731355 40.1840612026 6.9890688963 2.11626291522 56.6013898468
79 245.264951042 378.638636512 0.218256924717 8.67246333528 18.2064355532
80 7.45945539924 260.688387311 -6.64994402358 7.76523989605 6.42913521534
81 240.658781146 38.5027619628 8.46833835246 -8.64575965038 91.5461113185
82 258.294586401 31.5695540235 -5.34582503934 -0.333583392442 4.91999714552
83 158.029671248 149.803980442 -0.866135893329 -1.61370954153 92.3805899211
84 134.517906841 154.474759766 -9.09634373645 1.11077729207 78.4328765703
85 257.890309472 179.889802174 -7.14117046092 -4.32641669187 56.5038538244
86 141.054301651 308.038138969 3.46857873766 -6.14893921221 37.0306858601
87 104.631959414 32.3058201422 -4.61645185091 -8.82288389206 34.2421386194
88 140.613063742 170.337919275 -3.66281505123 -5.48893490663 2.16720626405
89 108.09665549 67.3913828847 -1.47149802195 1.64046124721 2.41264764081
90 259.175914687 208.805715865 -0.797016869877 8.34435707845 57.1161325789
91 72.2338685332 396.744419869 7.34413714213 0.367464444155 61.4470546781
92 255.017545399 325.495323864 -9.94651837965 9.88172149089 57.7610594914
93 168.013559117 304.900755757 -1.06880546987 0.941090318645 32.0838175605
94 136.208485578 333.539678511 -3.69489716636 -1.30757630798 97.8662699321
95 40.2586167784 90.9238611032 3.28742605436 -4.57703797577 4.11781767907
96 187.413962232 201.534586856 -0.45485243936 2.73836538604 17.4473233049
97 289.297147382 399.742403096 5.70878015362 7.79820574994 18.0199263292
98 385.931519127 55.2373035748 6.08596889161 3.51161325884 10.0400482182
99 29.7098617727 319.878816268 2.10650235169 -0.326237566102 79.5537465843
100 232.88346913 8.38731525968 -9.52740217261 -7.31830003764 59.3589809156
101 175.971118126 120.049420637 4.06199817602 -0.938413085363 20.6873491343
102 370.039378631 203.743466784 -9.14130943616 -9.5773520563 2.04484144974
103 396.70055717 335.784610089 0.451070953225 9.18573790165 27.0418702992
104 25.022614219 366.817793412 0.44939318048 6.90136948252 12.2723839497
105 33.5929642506 376.45291844 -8.81887244088 -2.38867437445 66.8078586261
106 157.077831969 47.4079052009 0.184376681775 4.47504597214 27.9326471251
107 199.917351344 320.223952892 -5.71872313154 -1.91581873161 45.1669274875
108 364.31597245 377.80280974 -0.459111315067 -7.10016825651 84.8372920732
109 397.362200973 324.021976347 -3.18269710339 3.32608903223 29.7301585347
110 189.226417227 228.081884461 -5.47786666752 -2.92061681288 71.8320294851
111 96.13667113 306.304058809 -8.9466867685 -2.74077985804 4.40305641722
112 81.7790753188 383.099380335 -2.48287609415 2.0221301136 56.5654763694
113 190.422074038 343.725972974 -3.25649291749 2.71559233445 24.6040729544
114 316.344856602 53.149222261 3.17863183543 6.3634145188 47.474443458
115 231.711913987 219.558860914 9.9732071252 -6.12707768231 75.0639212418
116 323.023231947 92.2003201725 0.880274448766 3.71471876562 85.288116678
117 162.491652341 78.5394031964 -7.54989372005 8.45110898443 90.4870912601
118 277.553973747 128.645247433 5.26854772149 -2.49487339726 78.4194723955
119 309.64746057 10.2973111691 -8.88559229075 6.84993270921 54.4816821885
120 260.936860781 392.00457308 -2.858588136 -0.260120363406 1.13517079704
121 335.771178605 307.306029798 -1.84590195242 2.09984738458 75.2711057861
122 338.618952189 280.721435504 2.12059041886 -8.3781268499 52.2330241017
123 309.079125862 234.458105153 4.64953740362 2.08454608354 68.6649413014
124 393.625324142 102.115547609 -9.71314134722 -0.918826890795 7.5493181114
125 117.559497603 29.3742626055 2.48894558475 -2.91331940473 49.7859207215
126 255.354260754 183.593560159 -9.23347611854 7.2517921728 23.9463152595
127 215.95231082 39.6299308868 7.64345731846 -8.41658819605 47.1455974429
128 302.089252037 395.514677271 -8.33914718266 3.70384883876 29.3918286441
129 32.659305413 270.065901434 9.89456843611 -0.696550810977 52.540593636
130 307.167600404 97.9500850364 3.58828662147 9.88880813683 22.1658553586
131 65.1169131173 204.305212426 2.75584535056 -4.28784247584 62.7069283743
132 84.174656176 318.904849094 6.87550630166 -4.6685753264 47.7539351416
133 327.72632493 159.570358908 -1.02981867467 5.13337013595 53.4267187589
134 133.812120062 88.1106844199 0.0915928922164 -3.50294488499 49.4586624362
135 31.3491558466 179.456687224 -6.56320937161 -9.79469973887 50.2893683568
136 293.90160928 258.781620641 6.5610013144 -9.14477796504 37.5300528781
137 130.345918132 54.9760749587 7.92132262862 -8.81354284867 2.5458827164
138 148.369462545 135.527879744 4.27070467377 5.68327072979 89.8542446521
139 190.60608522 346.425071112 -4.0150909463 6.9427558493 70.9286349852
140 2.54955582343 395.924018623 8.00925649902 -6.96362150522 39.8437223773
141 301.512793121 202.450988201 -9.08626342295 -1.32797619363 42.7239573062
142 18.2359464982 66.5375406013 5.06327428903 -0.178955753166 93.2597033465
143 103.685150976 350.514462414 7.74292119207 6.73794683201 14.453735037
144 61.2201749853 79.7778528116 5.89694043511 -4.55280323917 94.9483325637
145 104.498881773 104.173292415 7.95607251485 1.94113913019 75.659770032
146 370.690780495 17.8288873448 2.29473293436 -2.25212203223 62.0772602796
147 370.554193205 329.753088901 2.22782006024 2.54981922617 38.4161558482
148 388.816716702 265.616016512 -9.54809868409 -1.7440804142 30.2929982374
149 6.10897605319 161.988983535 3.00017353068 -6.39661956296 50.0266804149
150 67.3916361049 342.19462712 -8.29417368292 9.34329069218 69.5638668881
151 212.205495478 276.278708369 0.926452122406 -4.76858373309 90.935741715
152 36.6963120086 373.978367343 -4.40600725203 8.23882271799 61.458902686
153 108.604962217 218.036432455 -8.93453715064 -3.01389247995 87.4161517192
154 215.191719808 239.255369696 -7.31495517371 8.11252809463 32.3342279889
155 171.380166017 28.2866718291 3.39084233814 3.65343041714 9.7277393113
156 338.738444814 339.7101292 4.18389311598 7.42306902447 53.5950997524
157 14.9301305234 367.96315752 8.4437821368 -3.50930526265 88.5621146497
158 372.538788989 135.149022536 -7.31783224629 5.85710632238 58.5925619629
159 170.923463069 90.7114832519 9.66536419377 9.05332847886 39.1670003989
160 94.2887899407 283.613002329 -6.73832970512 -1.16726016635 7.54930108942
161 40.4158635411 65.5761743551 0.447866314383 6.87977838815 67.3132937122
162 199.557570861 267.819669605 -5.36489696432 7.89563999137 29.7897411141
163 166.054814485 198.655802244 4.12868967604 0.847656105433 39.6820983867
164 134.145243593 80.8186396108 6.96219127653 0.687722880081 71.0528530705
165 19.8901298561 334.147613488 -5.46443020827 -1.70770723137 93.0990932392
166 123.979095079 1.75349787747 7.93907870976 -1.68185455595 99.8762201764
167 189.675208322 178.06445361 -1.83961344276 -2.98817103425 15.52650599
168 333.176936424 23.8480470871 -1.19388397102 2.68670479211 86.4762785001
169 222.122057377 216.0084241 -5.22514557539 4.90493567344 86.0241818264
170 210.915566467 281.055112908 0.0326557744957 -9.20796552795 67.9421175672
171 195.046690275 147.927607555 1.01681505196 -7.19591462969 83.0421761194
172 398.620898919 27.3140529946 -7.36479434625 -7.66657472976 65.0929767947
173 240.424078679 31.6986114436 3.16116739422 -5.7833304229 80.3874261046
174 247.619416327 22.6998895452 -3.71932892294 -1.81507098514 99.9497353761
175 44.5623319886 372.253444162 3.23179521154 -1.46423217047 73.045599778
176 134.850253284 119.325271813 6.23573858091 -3.66889639544 92.0574351413
177 386.324913861 29.7616753387 -2.38703269358 -2.23679837224 76.2117291515
178 142.212072499 309.87803053 5.49798818572 7.48127945625 65.5107135651
179 387.594207548 347.956339891 -3.372529466 5.04571794138 33.8957231733
180 95.4798228198 311.010741431 0.266133896678 -2.91178361655 64.0256450816
181 279.167262328 375.521807702 2.13923218964 -3.32196211458 94.1529045164
182 353.015780377 384.891790254 -6.86900946783 -1.14086915654 15.4113643952
183 70.4596102838 60.0655555446 -3.4043870494 7.71804985429 34.6285109405
184 83.9561927388 298.907780977 4.83399194274 1.28264766754 41.461381873
185 133.978792095 133.616756473 4.69219085354 7.07021084607 44.3768554352
186 64.1368001011 33.124221419 -6.62651718913 7.41625147072 21.5577957919
187 58.1996120176 142.791554301 -3.80818043726 -1.69974119464 14.8642386797
188 48.936879605 58.394096952 4.2083975735 5.83317011782 37.4944047064
189 326.211646993 132.656355326 -4.38017864432 5.49383238562 79.2845021109
190 34.1349895569 145.792742671 -6.98424980339 0.0105127335931 7.95204903536
191 358.049661714 99.9115688618 -0.224701565324 -8.73772453164 96.9207720848
192 71.03003342 264.030963884 5.11795106401 1.63685627426 97.4196253878
193 104.803672323 59.834093092 4.32706970367 2.45788379454 74.2321654324
194 121.420045417 54.5717408468 2.82034671607 -0.499488228956 32.7628025195
195 303.582130659 185.411939124 1.45248809899 5.38211169499 22.0086534494
196 287.749183803 30.2084952286 -5.36164526111 4.91168064707 81.1171055499
197 317.909532326 243.434811578 1.89725107339 -7.18381748564 29.5896549969
198 318.899520927 56.7470771908 -4.75344436053 -2.25128298441 34.6432906476
199 156.463196234 269.267019152 -4.83895279268 -8.51901142529 36.5279465302
